canvas 2600 1080
layer sky 0 0 2600 1080
layer sun 1637 552 169 171
layer clouds_hi0 74 142 674 104
layer clouds_hi1 898 64 562 86
layer clouds_hi2 1772 156 768 108
layer clouds_hi3 1438 306 442 102
layer clouds_hi4 520 364 344 78
layer clouds_lo0 1494 586 548 54
layer clouds_lo1 744 640 678 50
layer clouds_lo2 2118 650 428 80
layer clouds_lo3 68 654 514 74
layer far 0 460 2600 612
layer mid 0 579 2600 494
win 1342.8 939.0 8 10 0.0
win 1360.4 936.4 8 10 0.0
win 1307.9 959.6 8 10 0.0
win 1345.0 960.0 8 10 0.0
win 1363.2 959.7 8 10 0.0
win 1433.6 902.6 8 10 0.0
win 1433.8 922.8 8 10 0.0
win 1500.6 830.1 8 10 6.5
win 1517.5 833.1 8 10 6.5
win 1513.3 872.8 8 10 6.5
win 1476.4 891.0 8 10 6.5
win 1492.5 892.7 8 10 6.5
win 1525.4 895.3 8 10 6.5
win 1474.6 912.1 8 10 6.5
win 1490.7 912.5 8 10 6.5
win 1506.3 913.9 8 10 6.5
win 1537.4 918.4 8 10 6.5
win 1471.9 931.9 8 10 6.5
win 1503.6 934.7 8 10 6.5
win 1484.8 955.2 8 10 6.5
win 1501.1 957.8 8 10 6.5
win 1517.2 957.9 8 10 6.5
win 1567.2 766.6 8 10 0.0
win 1567.3 786.1 8 10 0.0
win 1600.8 808.0 8 10 0.0
win 1599.1 850.2 8 10 0.0
win 1634.2 854.0 8 10 0.0
win 1566.9 867.7 8 10 0.0
win 1599.1 871.9 8 10 0.0
win 1616.7 872.6 8 10 0.0
win 1633.8 876.1 8 10 0.0
win 1568.2 889.8 8 10 0.0
win 1618.1 893.2 8 10 0.0
win 1567.8 910.2 8 10 0.0
win 1634.8 916.5 8 10 0.0
win 1566.1 930.8 8 10 0.0
win 1600.9 933.5 8 10 0.0
win 1617.2 936.3 8 10 0.0
win 1634.3 936.2 8 10 0.0
win 1616.8 957.8 8 10 0.0
win 1634.7 958.5 8 10 0.0
win 1686.9 908.2 8 10 -3.0
win 1704.5 906.7 8 10 -3.0
win 1721.5 905.1 8 10 -3.0
win 1705.1 927.8 8 10 -3.0
win 1720.7 926.7 8 10 -3.0
win 1723.8 946.4 8 10 -3.0
win 1706.3 965.6 8 10 -3.0
win 1722.1 965.4 8 10 -3.0
win 1739.9 963.9 8 10 -3.0
win 1757.6 961.6 8 10 -3.0
win 1795.6 775.8 8 10 -4.3
win 1826.3 774.3 8 10 -4.3
win 1843.9 771.7 8 10 -4.3
win 1862.3 770.5 8 10 -4.3
win 1877.9 769.9 8 10 -4.3
win 1797.0 795.7 8 10 -4.3
win 1813.1 794.4 8 10 -4.3
win 1830.3 792.7 8 10 -4.3
win 1847.0 792.9 8 10 -4.3
win 1883.4 791.3 8 10 -4.3
win 1799.6 815.1 8 10 -4.3
win 1814.9 813.2 8 10 -4.3
win 1833.2 813.1 8 10 -4.3
win 1799.7 836.8 8 10 -4.3
win 1835.2 832.4 8 10 -4.3
win 1802.4 857.5 8 10 -4.3
win 1819.3 856.8 8 10 -4.3
win 1837.8 854.5 8 10 -4.3
win 1821.9 877.7 8 10 -4.3
win 1838.8 876.0 8 10 -4.3
win 1877.7 876.9 8 10 -4.3
win 1896.4 876.7 8 10 -4.3
win 1805.6 901.7 8 10 -4.3
win 1842.6 897.3 8 10 -4.3
win 1879.8 897.1 8 10 -4.3
win 1897.9 897.5 8 10 -4.3
win 1807.6 923.4 8 10 -4.3
win 1843.8 919.4 8 10 -4.3
win 1881.3 918.1 8 10 -4.3
win 1899.1 918.6 8 10 -4.3
win 1809.7 945.4 8 10 -4.3
win 1826.3 942.7 8 10 -4.3
win 1845.2 941.3 8 10 -4.3
win 1863.2 940.6 8 10 -4.3
win 1882.8 938.1 8 10 -4.3
win 1900.2 937.3 8 10 -4.3
win 1958.6 660.5 8 10 0.0
win 1958.0 680.1 8 10 0.0
win 1957.1 700.3 8 10 0.0
win 1957.2 722.9 8 10 0.0
win 1957.4 746.6 8 10 0.0
win 1958.5 772.0 8 10 0.0
win 1948.4 819.5 8 10 0.0
win 1948.9 842.6 8 10 0.0
win 1963.9 841.7 8 10 0.0
win 1951.4 862.8 8 10 0.0
win 1952.4 883.3 8 10 0.0
win 1968.4 883.1 8 10 0.0
win 1953.9 903.4 8 10 0.0
win 1967.9 901.4 8 10 0.0
win 1953.7 922.1 8 10 0.0
win 1953.8 941.4 8 10 0.0
win 2002.4 698.8 8 10 0.0
win 2037.6 701.6 8 10 0.0
win 2055.8 701.0 8 10 0.0
win 2072.0 699.6 8 10 0.0
win 2090.4 699.3 8 10 0.0
win 2002.8 720.1 8 10 0.0
win 2018.5 720.4 8 10 0.0
win 2036.6 720.8 8 10 0.0
win 2053.5 720.4 8 10 0.0
win 2071.3 721.2 8 10 0.0
win 2087.4 720.6 8 10 0.0
win 2000.9 742.5 8 10 0.0
win 2017.3 740.9 8 10 0.0
win 2052.1 742.9 8 10 0.0
win 2087.6 741.0 8 10 0.0
win 2033.4 763.6 8 10 0.0
win 2052.2 761.8 8 10 0.0
win 2069.3 762.4 8 10 0.0
win 2086.5 762.4 8 10 0.0
win 2048.7 784.4 8 10 0.0
win 2068.3 784.1 8 10 0.0
win 2084.8 784.2 8 10 0.0
win 2049.1 807.2 8 10 0.0
win 2032.3 828.4 8 10 0.0
win 2048.4 827.7 8 10 0.0
win 2066.7 827.8 8 10 0.0
win 2084.8 827.8 8 10 0.0
win 2019.1 852.5 8 10 0.0
win 2033.4 850.4 8 10 0.0
win 2049.2 849.0 8 10 0.0
win 2066.6 849.0 8 10 0.0
win 2085.8 849.1 8 10 0.0
win 2005.8 874.6 8 10 0.0
win 2019.4 873.8 8 10 0.0
win 2035.4 871.8 8 10 0.0
win 2067.9 871.1 8 10 0.0
win 2086.0 873.0 8 10 0.0
win 2006.8 895.8 8 10 0.0
win 2021.7 892.9 8 10 0.0
win 2036.2 892.3 8 10 0.0
win 2053.3 892.4 8 10 0.0
win 2085.5 892.7 8 10 0.0
win 2008.2 915.3 8 10 0.0
win 2022.6 914.2 8 10 0.0
win 2038.3 914.4 8 10 0.0
win 2069.6 913.6 8 10 0.0
win 2085.5 914.9 8 10 0.0
win 2009.2 935.0 8 10 0.0
win 2024.1 934.1 8 10 0.0
win 2038.5 933.8 8 10 0.0
win 2054.3 934.2 8 10 0.0
win 2070.5 936.7 8 10 0.0
win 2087.4 936.8 8 10 0.0
win 2007.3 956.3 8 10 0.0
win 2024.9 957.3 8 10 0.0
win 2039.3 956.0 8 10 0.0
win 2055.0 956.6 8 10 0.0
win 2070.8 958.0 8 10 0.0
win 2086.8 959.3 8 10 0.0
win 2138.7 826.6 8 10 0.0
win 2157.4 825.2 8 10 0.0
win 2193.3 826.0 8 10 0.0
win 2211.2 823.2 8 10 0.0
win 2226.6 825.9 8 10 0.0
win 2136.4 848.5 8 10 0.0
win 2156.3 849.1 8 10 0.0
win 2192.0 848.5 8 10 0.0
win 2210.4 848.8 8 10 0.0
win 2226.6 846.4 8 10 0.0
win 2136.3 870.4 8 10 0.0
win 2156.8 871.8 8 10 0.0
win 2191.7 872.0 8 10 0.0
win 2209.3 869.2 8 10 0.0
win 2226.7 869.2 8 10 0.0
win 2151.9 894.0 8 10 0.0
win 2172.6 893.1 8 10 0.0
win 2209.1 891.8 8 10 0.0
win 2224.4 890.1 8 10 0.0
win 2134.0 913.5 8 10 0.0
win 2189.4 915.1 8 10 0.0
win 2206.3 911.8 8 10 0.0
win 2225.8 911.8 8 10 0.0
win 2242.7 910.5 8 10 0.0
win 2206.8 936.2 8 10 0.0
win 2226.3 934.1 8 10 0.0
win 2134.2 956.9 8 10 0.0
win 2152.2 957.6 8 10 0.0
win 2189.2 956.3 8 10 0.0
win 2244.6 953.5 8 10 0.0
win 2263.9 792.1 8 10 -6.4
win 2315.3 829.1 8 10 -6.4
win 2317.4 849.5 8 10 -6.4
win 2270.7 876.0 8 10 -6.4
win 2305.0 872.8 8 10 -6.4
win 2318.8 870.1 8 10 -6.4
win 2275.1 898.2 8 10 -6.4
win 2308.5 892.7 8 10 -6.4
win 2323.4 891.8 8 10 -6.4
win 2278.9 919.7 8 10 -6.4
win 2296.3 917.0 8 10 -6.4
win 2327.9 911.7 8 10 -6.4
win 2280.7 940.2 8 10 -6.4
win 2314.5 935.2 8 10 -6.4
win 2329.0 932.9 8 10 -6.4
win 2382.6 872.8 8 10 0.0
win 2398.5 873.7 8 10 0.0
win 2415.4 896.1 8 10 0.0
win 2415.2 915.8 8 10 0.0
win 2380.7 934.1 8 10 0.0
win 2394.9 935.2 8 10 0.0
win 2413.4 935.8 8 10 0.0
win 2476.9 798.2 8 10 6.5
win 2495.1 800.6 8 10 6.5
win 2514.0 801.6 8 10 6.5
win 2531.3 804.2 8 10 6.5
win 2545.5 805.3 8 10 6.5
win 2494.3 823.3 8 10 6.5
win 2510.1 823.8 8 10 6.5
win 2528.5 825.7 8 10 6.5
win 2545.0 827.4 8 10 6.5
win 2474.4 842.5 8 10 6.5
win 2543.5 849.5 8 10 6.5
win 2506.9 867.7 8 10 6.5
win 2525.2 869.5 8 10 6.5
win 2540.6 871.6 8 10 6.5
win 2505.3 889.9 8 10 6.5
win 2465.3 904.0 8 10 6.5
win 2483.4 908.4 8 10 6.5
win 2501.7 909.6 8 10 6.5
win 2521.2 912.4 8 10 6.5
win 2537.2 913.6 8 10 6.5
win 2463.3 924.7 8 10 6.5
win 2500.4 930.3 8 10 6.5
win 2516.9 933.1 8 10 6.5
win 2535.1 935.7 8 10 6.5
win 2532.5 953.7 8 10 6.5
layer fg 0 506 2600 574
